  0.168459	  0.308244	  0.025090	  0.498208	
  0.465950	  0.161290	  0.035842	  0.336918	
  0.143369	  0.086022	  0.000000	  0.770609	
  0.921147	  0.021505	  0.000000	  0.057348	
  0.032258	  0.000000	  0.928315	  0.039427	
  0.039427	  0.007168	  0.917563	  0.035842	
  0.043011	  0.000000	  0.946237	  0.010753	
  0.035842	  0.025090	  0.917563	  0.021505	
  0.967742	  0.028674	  0.003584	  0.000000	
  0.000000	  0.086022	  0.000000	  0.913978	
  0.071685	  0.842294	  0.035842	  0.050179	
  0.125448	  0.820789	  0.000000	  0.053763	
  0.831541	  0.000000	  0.082437	  0.086022	
  0.189964	  0.046595	  0.666667	  0.096774	
  0.666667	  0.089606	  0.060932	  0.182796	
