  0.195349	  0.581395	  0.065116	  0.158140	
  0.158140	  0.088372	  0.097674	  0.655814	
  0.046512	  0.116279	  0.660465	  0.176744	
  0.111628	  0.120930	  0.065116	  0.702326	
  0.818605	  0.000000	  0.013953	  0.167442	
  0.106977	  0.013953	  0.832558	  0.046512	
  0.990698	  0.000000	  0.000000	  0.009302	
  0.897674	  0.074419	  0.000000	  0.027907	
  0.102326	  0.879070	  0.009302	  0.009302	
  0.051163	  0.000000	  0.004651	  0.944186	
  0.079070	  0.813953	  0.065116	  0.041860	
  0.097674	  0.004651	  0.013953	  0.883721	
  0.027907	  0.000000	  0.934884	  0.037209	
  0.925581	  0.027907	  0.000000	  0.046512	
  0.874419	  0.088372	  0.000000	  0.037209	