  0.382096        0.419214        0.055677        0.143013      
  0.138646        0.201965        0.036026        0.623362      
  0.031659        0.016376        0.070961        0.881004      
  0.025109        0.008734        0.858079        0.108079      
  0.029476        0.005459        0.925764        0.039301      
  0.028384        0.000000        0.927948        0.043668      
  0.028384        0.041485        0.898472        0.031659      
  0.079694        0.003275        0.028384        0.888646      
  0.025109        0.002183        0.935590        0.037118      
  0.051310        0.003275        0.920306        0.025109      
  0.109170        0.721616        0.133188        0.036026      
  0.807860        0.073144        0.057860        0.061135      
  0.681223        0.073144        0.150655        0.094978      
  0.165939        0.043668        0.149563        0.640830      
  0.137555        0.067686        0.621179        0.173581
